,age,Dept,location,education,recruitment_type,job_level,rating,onsite,awards,certifications,salary,satisfied
0,28,0,0,0,0,5,2,0,1,0,86750,True
1,50,1,0,0,1,3,5,1,2,1,42419,False
2,43,1,0,1,0,4,1,0,2,0,65715,False
3,44,3,1,0,2,2,3,1,0,0,29805,True
4,33,0,1,1,3,2,1,0,5,0,29805,True
5,40,4,0,1,0,3,3,0,7,1,42419,True
6,26,4,0,1,0,5,5,0,2,0,86750,False
7,25,1,1,1,3,1,1,0,4,0,24076,False
8,35,0,1,0,0,3,4,0,0,0,42419,True
9,45,1,1,0,0,3,3,0,9,0,42419,False
10,31,2,1,1,1,4,4,1,6,0,65715,True
11,43,1,0,0,3,2,1,0,9,1,29805,True
12,28,1,1,1,2,3,4,1,0,0,42419,False
13,48,4,0,0,0,3,4,1,8,0,42419,True
14,52,4,1,0,3,5,1,1,7,0,86750,True
15,50,4,1,1,1,5,5,1,6,0,86750,True
16,34,2,1,0,2,1,4,1,9,0,24076,False
17,24,4,0,1,3,4,4,0,6,0,65715,True
18,54,0,0,0,2,1,5,0,4,0,24076,True
19,25,3,1,1,2,5,4,0,4,0,86750,True
20,25,0,0,1,2,2,4,1,4,0,29805,True
21,50,0,0,0,0,5,4,0,0,0,86750,True
22,34,4,1,0,0,4,2,0,7,1,65715,True
23,37,3,1,1,1,5,5,0,0,1,86750,True
24,31,3,0,0,1,4,4,0,3,1,65715,False
25,53,3,0,0,3,4,5,0,8,1,65715,False
26,45,2,0,1,1,4,3,1,8,0,65715,True
27,30,4,1,1,2,4,3,0,4,1,65715,False
28,33,3,1,0,2,4,4,1,3,1,65715,False
29,38,2,0,1,0,2,5,1,2,0,29805,True
30,54,1,1,1,2,1,5,1,2,1,24076,False
31,48,1,1,1,3,3,5,1,4,1,42419,True
32,49,2,0,0,2,1,2,1,9,0,24076,True
33,47,2,0,0,2,4,3,0,0,0,65715,True
34,44,4,1,1,3,2,5,0,4,0,29805,True
35,26,4,1,0,1,5,5,0,5,1,86750,True
36,50,1,0,1,1,2,2,1,6,1,29805,False
37,23,3,1,0,3,4,2,0,8,0,65715,True
38,46,1,1,1,0,2,5,0,2,0,29805,False
39,29,3,0,1,2,2,1,1,1,1,29805,True
40,24,3,0,0,3,4,5,1,2,0,65715,True
41,46,4,1,1,2,2,5,1,8,1,29805,True
42,50,0,1,0,0,3,2,1,6,0,42419,False
43,27,0,1,0,2,3,2,0,8,0,42419,True
44,29,2,0,1,3,2,5,1,1,1,29805,True
45,26,4,1,1,2,5,5,1,4,0,86750,True
46,27,3,1,0,1,4,5,0,3,0,65715,True
47,46,0,0,1,0,3,2,0,1,0,42419,False
48,23,3,0,1,0,5,5,1,8,1,86750,True
49,23,0,1,1,0,2,5,0,8,0,29805,False
50,37,0,0,1,3,5,4,1,5,0,86750,True
51,42,0,0,1,0,1,1,1,5,0,24076,False
52,41,4,1,0,1,3,3,0,7,0,42419,False
53,51,1,0,0,3,2,1,0,5,0,29805,True
54,32,3,0,1,1,4,4,1,0,0,65715,True
55,50,4,1,1,2,2,3,1,3,1,29805,False
56,40,4,0,1,2,4,5,1,6,1,65715,True
57,50,4,1,0,2,2,4,0,1,0,29805,True
58,25,4,1,1,2,5,5,1,8,1,86750,True
59,33,4,0,0,1,5,2,1,7,1,86750,False
60,37,2,0,0,3,5,4,1,7,0,86750,True
61,53,3,0,0,3,1,2,1,6,1,24076,True
62,49,4,1,1,0,4,4,1,3,1,65715,True
63,52,3,0,0,1,5,4,0,1,1,86750,False
64,33,2,1,1,2,1,2,1,2,1,24076,True
65,39,2,0,0,1,4,3,1,5,1,65715,False
66,39,3,0,1,0,2,1,1,4,1,29805,True
67,28,0,0,0,0,1,5,1,7,1,24076,False
68,54,1,1,1,1,3,4,0,5,1,42419,True
69,27,0,0,0,1,1,5,0,5,0,24076,True
70,30,0,0,1,1,1,2,0,0,0,24076,False
71,24,0,1,1,3,4,5,1,3,1,65715,False
72,38,4,1,1,2,2,2,1,4,1,29805,False
73,42,2,0,1,1,3,5,0,2,0,42419,True
74,46,0,0,0,1,5,1,0,8,1,86750,True
75,34,2,0,0,1,5,1,0,0,1,86750,True
76,28,3,1,1,0,1,1,1,5,0,24076,True
77,23,1,1,0,0,4,1,1,5,0,65715,False
78,53,3,1,1,3,4,1,0,9,0,65715,True
79,26,3,1,1,2,5,1,0,4,1,86750,True
80,39,4,0,0,3,3,2,0,4,1,42419,True
81,35,1,1,1,2,2,4,1,9,0,29805,True
82,40,3,1,1,0,3,5,1,4,0,42419,True
83,27,3,1,0,0,2,1,1,5,1,29805,True
84,52,1,0,1,0,5,2,0,7,0,86750,True
85,46,1,0,1,3,2,2,0,1,1,29805,False
86,46,3,1,1,1,4,2,1,5,1,65715,True
87,49,1,1,1,1,1,4,0,0,0,24076,True
88,25,3,0,0,0,1,5,1,3,0,24076,True
89,33,3,0,0,1,5,4,0,9,1,86750,True
90,35,4,0,0,1,4,3,0,2,0,65715,False
91,26,0,0,1,3,3,2,0,8,0,42419,False
92,48,3,0,1,2,4,3,0,2,0,65715,False
93,49,2,0,0,0,1,1,1,5,0,24076,False
94,36,0,0,1,0,1,1,0,0,1,24076,False
95,44,0,0,1,3,4,4,1,5,1,65715,False
96,33,0,1,1,3,4,5,1,3,1,65715,True
97,54,4,1,1,1,1,3,1,7,1,24076,False
98,49,3,1,0,0,3,5,0,8,0,42419,False
99,32,4,1,0,2,5,4,1,3,0,86750,True
100,41,3,1,0,3,5,1,1,9,1,86750,False
101,40,4,1,1,2,4,5,1,9,1,65715,True
102,28,4,0,0,2,5,5,0,5,0,86750,True
103,49,2,0,0,0,1,1,0,0,1,24076,False
104,51,4,1,1,0,1,3,1,3,1,24076,True
105,37,1,1,1,3,4,1,0,6,0,65715,False
106,43,2,0,0,0,4,5,1,0,1,65715,False
107,52,4,0,0,0,4,3,1,7,0,65715,True
108,32,0,0,0,0,3,3,0,9,0,42419,True
109,27,1,1,0,2,5,1,1,5,1,86750,False
110,48,1,0,1,3,4,5,0,4,0,65715,True
111,51,1,1,0,1,2,4,0,9,1,29805,True
112,27,2,1,0,2,2,5,1,8,0,29805,False
113,32,4,0,1,0,1,2,0,1,1,24076,False
114,50,4,0,0,2,5,4,0,4,1,86750,True
115,27,0,1,1,0,4,3,1,5,1,65715,False
116,25,0,0,1,0,2,4,1,6,0,29805,False
117,45,1,0,1,2,5,3,0,4,0,86750,False
118,28,0,1,0,3,1,3,0,8,1,24076,False
119,26,2,0,0,0,3,4,1,0,0,42419,False
120,40,4,1,1,3,5,3,0,6,1,86750,False
121,50,1,1,0,1,5,3,0,9,1,86750,False
122,31,0,0,0,0,3,2,0,6,0,42419,True
123,39,2,1,1,3,5,5,0,3,1,86750,False
124,51,2,1,1,3,1,5,0,8,0,24076,True
125,35,0,0,0,1,1,2,0,4,1,24076,True
126,49,4,0,1,3,3,4,0,3,0,42419,True
127,37,0,0,0,3,4,1,1,6,1,65715,False
128,52,1,1,0,1,2,1,1,3,1,29805,False
129,42,0,1,0,0,4,1,1,2,0,65715,True
130,39,2,0,0,3,5,2,1,8,1,86750,False
131,35,0,1,1,3,2,2,1,7,1,29805,True
132,54,4,0,1,3,3,3,0,0,0,42419,False
133,38,3,0,1,2,3,1,0,6,1,42419,False
134,44,0,1,1,1,2,4,0,8,0,29805,True
135,26,4,0,0,2,1,4,0,7,1,24076,True
136,27,4,1,0,1,2,1,1,7,0,29805,True
137,27,2,1,1,0,5,1,0,5,1,86750,False
138,31,4,0,0,0,1,1,0,3,1,24076,True
139,39,4,1,0,3,3,2,1,7,1,42419,False
140,35,4,0,0,1,2,2,0,2,0,29805,False
141,24,4,1,1,0,4,2,0,8,0,65715,False
142,35,1,1,1,1,4,5,1,1,0,65715,True
143,44,1,1,1,0,5,4,0,1,0,86750,True
144,43,2,0,0,2,4,4,0,6,1,65715,True
145,49,0,1,1,0,2,3,0,9,1,29805,False
146,45,4,0,1,2,2,2,0,3,0,29805,False
147,41,0,1,1,0,4,5,0,9,0,65715,True
148,25,0,1,1,3,2,5,1,7,0,29805,False
149,32,2,0,1,2,5,4,1,8,1,86750,False
150,24,4,0,1,0,1,2,1,6,0,24076,True
151,54,4,0,0,3,5,3,1,4,0,86750,True
152,35,3,0,0,2,5,2,1,7,1,86750,True
153,41,0,0,1,3,2,1,1,3,1,29805,False
154,48,0,1,1,1,1,2,0,1,0,24076,False
155,39,1,1,0,1,2,1,1,5,1,29805,False
156,43,3,0,0,2,3,1,1,8,0,42419,False
157,36,1,1,1,0,2,3,0,0,1,29805,False
158,53,1,1,1,2,2,4,0,9,0,29805,True
159,34,1,1,1,3,2,2,1,6,0,29805,False
160,43,2,0,1,0,1,1,0,9,0,24076,False
161,34,2,1,0,1,2,2,1,8,0,29805,False
162,33,1,1,1,0,1,4,0,9,1,24076,True
163,29,3,1,1,1,4,4,1,8,1,65715,True
164,26,0,0,1,0,3,5,0,9,1,42419,True
165,41,3,1,1,0,1,4,0,2,1,24076,False
166,23,4,1,0,0,4,3,1,4,0,65715,True
167,50,2,0,0,3,1,1,1,7,0,24076,True
168,53,0,0,0,3,1,5,1,7,1,24076,True
169,46,0,1,1,2,3,3,1,3,1,42419,False
170,51,4,1,1,2,5,2,1,0,1,86750,True
171,25,4,0,0,1,5,1,0,0,1,86750,False
172,35,1,0,1,3,1,4,1,3,1,24076,False
173,37,2,0,1,1,2,1,1,5,0,29805,True
174,24,2,0,0,2,4,2,0,7,0,65715,False
175,33,3,0,0,1,2,5,0,5,0,29805,True
176,26,1,0,0,2,2,5,1,8,1,29805,False
177,41,1,0,0,3,1,5,0,8,1,24076,True
178,51,1,1,1,0,1,4,0,1,1,24076,True
179,39,1,0,1,3,1,3,1,9,1,24076,True
180,25,2,0,0,1,1,3,0,0,0,24076,False
181,50,2,1,1,1,5,1,0,1,0,86750,True
182,40,1,0,0,3,1,4,1,4,1,24076,False
183,30,3,0,0,3,5,5,1,3,0,86750,True
184,44,0,1,1,2,5,5,0,3,0,86750,False
185,47,0,0,0,1,1,2,0,8,1,24076,False
186,46,3,1,1,1,3,2,1,7,1,42419,True
187,48,1,1,1,3,4,5,0,5,1,65715,True
188,41,2,1,1,0,2,5,0,0,1,29805,True
189,27,0,1,1,1,5,4,0,1,1,86750,True
190,29,4,0,0,0,4,3,1,5,1,65715,True
191,43,4,1,1,3,3,2,0,1,0,42419,False
192,30,3,1,0,3,2,3,0,9,0,29805,True
193,50,1,0,0,2,2,4,1,4,1,29805,True
194,27,0,1,0,1,5,5,0,4,0,86750,False
195,39,1,1,0,0,1,3,0,5,1,24076,True
196,27,0,1,1,2,3,5,1,5,1,42419,True
197,26,3,1,1,1,5,5,1,5,1,86750,False
198,44,3,0,0,2,3,1,1,1,1,42419,True
199,41,4,1,0,3,1,3,1,9,0,24076,True
200,53,1,0,1,1,1,3,0,2,1,24076,True
201,54,4,0,0,2,5,5,0,5,0,86750,False
202,49,1,1,1,2,1,4,1,7,1,24076,True
203,43,4,1,0,0,4,1,1,0,1,65715,False
204,24,2,1,1,2,2,5,0,0,1,29805,True
205,33,2,1,0,1,5,2,1,1,0,86750,False
206,44,2,0,0,1,3,2,0,5,1,42419,True
207,35,2,0,1,0,4,1,1,8,1,65715,False
208,37,0,0,0,1,5,4,0,3,1,86750,False
209,34,2,1,0,3,1,5,1,2,0,24076,False
210,44,3,0,1,1,1,3,1,7,0,24076,False
211,43,3,1,0,1,1,1,0,9,0,24076,False
212,44,0,1,1,2,1,4,1,8,1,24076,False
213,33,2,1,1,2,3,3,0,4,0,42419,True
214,29,2,1,0,1,4,2,0,8,1,65715,True
215,50,2,1,0,0,2,2,0,1,0,29805,False
216,27,4,0,0,2,3,3,0,2,0,42419,False
217,39,1,0,0,0,3,1,0,6,1,42419,False
218,46,4,1,0,1,2,2,1,6,0,29805,False
219,42,1,0,0,1,2,5,1,5,1,29805,True
220,31,2,1,0,3,1,3,0,5,1,24076,False
221,36,2,1,1,2,3,3,1,1,0,42419,True
222,48,4,1,0,1,5,2,0,9,1,86750,True
223,34,4,0,1,3,2,1,1,5,1,29805,False
224,28,1,1,0,2,2,5,1,3,0,29805,False
225,39,3,1,0,1,4,1,1,2,0,65715,True
226,41,1,0,1,1,5,4,1,1,1,86750,True
227,41,4,0,0,2,5,4,0,0,0,86750,False
228,48,4,0,0,2,2,2,0,4,1,29805,False
229,38,0,1,1,2,1,2,1,1,1,24076,False
230,34,4,1,0,1,4,2,1,1,0,65715,True
231,34,0,0,0,1,5,4,0,6,0,86750,True
232,42,3,1,0,3,2,1,1,7,0,29805,False
233,54,1,0,1,0,5,1,0,9,0,86750,True
234,28,1,0,0,2,4,2,0,7,1,65715,True
235,53,0,1,0,1,4,5,0,3,1,65715,False
236,45,1,1,0,1,3,1,1,0,0,42419,False
237,48,4,0,0,2,2,4,0,6,0,29805,True
238,26,2,0,1,0,4,3,1,0,1,65715,True
239,28,0,0,1,2,3,3,0,3,1,42419,False
240,33,1,0,0,0,3,3,1,7,1,42419,False
241,23,0,1,0,1,5,5,1,1,1,86750,False
242,52,0,0,1,0,5,2,1,5,0,86750,False
243,46,2,0,1,3,3,4,0,5,1,42419,False
244,45,4,0,0,1,5,5,0,8,1,86750,True
245,37,0,1,1,3,4,4,1,4,0,65715,True
246,49,1,1,0,2,1,4,1,9,1,24076,True
247,33,3,0,1,2,4,2,1,3,1,65715,True
248,54,0,1,1,2,3,3,0,4,0,42419,False
249,47,0,1,1,0,3,2,0,9,0,42419,False
250,41,2,1,1,1,4,5,0,4,0,65715,False
251,40,4,0,0,2,5,5,0,7,1,86750,True
252,39,3,0,1,2,5,5,1,9,1,86750,True
253,41,1,1,1,1,3,2,1,7,0,42419,True
254,43,3,0,0,2,2,4,0,1,0,29805,False
255,36,1,0,1,3,5,4,0,6,1,86750,True
256,49,4,1,1,1,4,1,1,7,0,65715,False
257,40,1,1,0,1,5,5,0,5,0,86750,False
258,50,2,0,1,1,4,4,0,4,0,65715,False
259,41,2,1,0,3,3,1,0,8,1,42419,False
260,37,2,0,0,1,5,4,0,2,1,86750,False
261,53,2,0,0,3,4,5,0,9,1,65715,False
262,37,3,1,0,1,3,3,0,3,1,42419,True
263,26,4,0,1,0,2,5,1,8,1,29805,False
264,29,1,0,0,2,4,2,0,5,1,65715,False
265,35,1,1,1,0,2,4,0,7,0,29805,True
266,25,2,1,1,2,2,4,1,6,1,29805,False
267,38,2,1,1,3,1,2,1,1,1,24076,True
268,53,0,0,1,0,5,2,1,2,0,86750,True
269,31,4,1,1,1,4,3,0,0,1,65715,True
270,30,3,1,1,2,2,4,1,8,1,29805,False
271,42,1,1,1,2,1,4,0,6,0,24076,False
272,35,0,1,1,0,3,3,0,0,0,42419,True
273,39,0,0,1,3,4,1,0,2,0,65715,False
274,39,1,0,1,0,2,3,1,3,1,29805,False
275,39,3,1,0,3,5,5,1,3,0,86750,True
276,23,0,0,0,3,1,4,1,4,1,24076,True
277,54,0,1,0,2,2,2,1,2,1,29805,False
278,30,4,1,1,0,5,5,1,2,1,86750,True
279,41,3,0,0,0,2,4,0,0,1,29805,True
280,53,0,0,0,3,4,3,0,6,0,65715,True
281,28,3,1,0,0,4,5,0,9,0,65715,False
282,25,1,1,1,1,4,4,0,0,1,65715,False
283,49,2,0,1,1,1,1,1,1,0,24076,False
284,27,0,1,1,0,4,1,1,3,1,65715,True
285,35,4,0,1,0,5,2,0,3,1,86750,False
286,37,1,1,0,3,2,4,1,4,1,29805,True
287,36,3,1,0,1,3,1,1,1,0,42419,False
288,51,1,0,0,1,5,3,0,3,1,86750,False
289,53,0,0,0,2,5,4,0,0,1,86750,True
290,45,3,0,1,3,4,3,1,1,0,65715,False
291,38,2,0,1,2,1,3,1,0,0,24076,True
292,40,1,0,1,1,2,1,0,9,0,29805,False
293,54,0,0,0,3,1,4,0,9,0,24076,False
294,44,4,0,1,0,2,5,0,3,1,29805,True
295,51,3,1,1,3,2,1,1,3,0,29805,True
296,44,1,1,0,0,1,1,0,6,1,24076,True
297,33,1,1,0,0,5,4,0,9,0,86750,False
298,25,2,0,1,3,2,4,1,8,0,29805,False
299,44,2,0,1,0,1,3,1,8,0,24076,False
300,32,4,0,1,2,2,4,1,4,0,29805,True
301,32,4,1,1,1,3,3,1,9,0,42419,True
302,54,0,0,1,0,5,1,1,0,0,86750,True
303,52,0,0,1,2,4,2,0,0,1,65715,False
304,43,4,1,0,0,2,5,0,5,0,29805,False
305,38,4,0,0,1,3,1,1,1,0,42419,True
306,34,3,1,0,2,4,4,1,7,0,65715,False
307,24,2,1,1,1,4,5,1,8,0,65715,True
308,31,0,0,0,1,2,2,1,3,1,29805,False
309,46,2,0,1,2,1,2,1,4,0,24076,False
310,25,2,0,1,2,2,3,0,7,0,29805,True
311,46,4,1,0,2,3,5,0,2,0,42419,False
312,52,3,1,1,3,4,3,0,4,0,65715,False
313,47,1,1,1,2,2,1,0,2,1,29805,True
314,52,3,0,0,2,1,5,1,9,0,24076,True
315,37,3,0,0,2,2,1,0,2,1,29805,False
316,25,2,0,0,2,5,3,1,2,0,86750,True
317,41,3,0,1,0,1,5,1,6,1,24076,False
318,40,0,1,0,3,3,3,1,6,1,42419,True
319,30,2,1,0,1,4,5,0,6,0,65715,False
320,48,0,1,1,2,2,3,1,9,0,29805,False
321,39,1,1,0,0,1,2,0,7,1,24076,True
322,30,2,0,0,0,5,3,0,4,1,86750,False
323,29,1,0,0,0,1,2,1,4,0,24076,False
324,52,2,0,1,1,5,3,1,3,1,86750,True
325,29,4,1,1,2,3,5,1,6,1,42419,True
326,25,3,1,1,3,4,5,0,9,1,65715,False
327,23,4,0,1,3,3,5,1,3,0,42419,True
328,26,1,0,0,0,2,4,0,1,1,29805,True
329,47,3,1,1,1,1,1,1,3,1,24076,False
330,27,2,0,1,1,5,5,1,7,1,86750,False
331,23,3,1,0,1,5,2,0,8,0,86750,True
332,37,0,1,0,3,1,5,0,2,0,24076,True
333,27,3,1,0,0,1,4,0,6,1,24076,True
334,35,0,0,1,2,2,2,0,8,0,29805,False
335,30,3,0,1,3,3,4,0,3,1,42419,False
336,30,0,1,1,0,5,2,0,9,0,86750,False
337,27,1,0,0,0,2,3,1,2,0,29805,False
338,50,4,1,0,2,3,1,1,4,1,42419,False
339,54,2,1,1,2,2,1,0,0,0,29805,False
340,31,3,1,0,2,5,4,1,2,0,86750,False
341,53,4,1,0,1,1,1,0,7,0,24076,True
342,23,2,0,0,2,1,4,1,7,1,24076,True
343,26,2,1,1,0,3,4,1,3,0,42419,False
344,25,0,1,0,2,4,4,0,1,0,65715,False
345,24,1,0,0,0,3,1,0,7,1,42419,False
346,53,1,1,1,3,4,4,0,7,0,65715,True
347,30,4,1,1,1,2,1,1,9,0,29805,False
348,45,1,0,0,3,2,4,0,3,0,29805,True
349,31,3,0,0,3,5,5,1,2,0,86750,True
350,24,1,0,1,0,4,4,0,1,0,65715,True
351,36,4,1,1,3,5,2,1,8,1,86750,True
352,36,1,0,0,0,1,4,1,0,1,24076,True
353,54,3,0,0,2,4,3,0,6,0,65715,False
354,26,0,1,0,2,3,4,1,4,0,42419,False
355,52,4,1,0,0,1,2,1,7,0,24076,True
356,53,0,1,1,2,1,2,0,3,1,24076,False
357,28,0,1,0,1,3,1,1,6,1,42419,True
358,33,0,1,0,3,1,5,0,4,0,24076,True
359,25,2,0,1,1,4,4,0,4,0,65715,False
360,30,2,0,0,3,5,1,0,8,1,86750,False
361,25,0,0,1,2,1,5,0,8,0,24076,False
362,36,4,1,0,1,4,4,1,8,1,65715,False
363,50,3,1,0,2,2,3,1,5,1,29805,False
364,35,3,1,1,3,4,4,1,5,0,65715,True
365,35,1,0,1,0,5,2,0,4,1,86750,False
366,54,4,0,0,0,4,2,1,8,0,65715,False
367,24,2,1,0,1,3,3,1,9,0,42419,False
368,35,0,0,0,2,5,1,0,7,0,86750,True
369,51,1,1,1,2,2,5,0,6,0,29805,False
370,41,3,0,0,1,3,4,1,6,0,42419,True
371,49,2,0,1,0,4,2,0,5,0,65715,False
372,28,2,0,1,3,5,1,0,4,1,86750,False
373,38,0,1,0,1,2,3,0,3,1,29805,True
374,24,3,0,1,3,3,2,0,2,1,42419,False
375,30,4,0,0,0,2,3,1,2,1,29805,False
376,39,2,1,0,2,4,4,0,5,0,65715,True
377,45,0,0,0,0,2,5,0,3,1,29805,False
378,24,4,1,0,1,1,2,0,5,1,24076,True
379,32,3,1,0,2,3,2,0,2,1,42419,True
380,50,2,1,1,1,2,4,0,3,0,29805,True
381,38,4,1,1,1,4,1,0,8,1,65715,True
382,28,4,1,0,0,4,5,0,4,0,65715,True
383,50,4,0,0,1,2,2,0,6,1,29805,False
384,24,2,1,1,0,4,5,1,9,0,65715,False
385,24,2,1,1,2,5,2,0,1,0,86750,False
386,48,1,1,1,0,5,5,1,4,1,86750,True
387,35,3,1,1,2,5,3,0,8,0,86750,True
388,46,0,0,0,0,1,2,0,2,0,24076,True
389,37,4,1,0,3,2,5,0,8,1,29805,True
390,53,1,0,1,3,1,1,0,5,1,24076,False
391,50,0,1,0,1,4,3,1,3,1,65715,False
392,24,1,0,1,0,1,3,0,6,0,24076,True
393,29,2,1,0,0,4,1,0,7,0,65715,True
394,25,4,1,1,2,4,5,1,5,0,65715,False
395,30,0,0,0,1,3,4,1,4,1,42419,True
396,45,0,1,1,0,5,1,0,5,0,86750,True
397,36,0,0,1,1,4,5,1,4,0,65715,True
398,46,0,1,0,3,3,1,1,7,0,42419,False
399,52,0,0,1,0,5,1,1,0,0,86750,False
400,45,1,1,0,0,4,2,0,6,0,65715,True
401,49,4,1,0,1,4,5,0,9,0,65715,False
402,44,2,0,1,0,1,4,0,9,0,24076,True
403,51,2,1,0,1,1,2,1,1,1,24076,True
404,29,2,1,0,0,5,1,0,8,1,86750,False
405,43,2,1,0,2,4,1,1,0,1,65715,True
406,29,1,1,0,1,2,1,0,9,0,29805,True
407,23,3,1,0,0,1,5,0,5,0,24076,False
408,39,4,1,1,3,5,5,1,8,1,86750,True
409,31,0,0,0,0,4,2,0,0,0,65715,True
410,52,3,0,0,3,4,4,1,3,1,65715,True
411,43,2,0,0,3,2,2,1,3,0,29805,False
412,35,3,1,0,2,5,3,0,8,0,86750,True
413,43,4,0,0,1,4,1,1,4,1,65715,False
414,41,0,1,1,0,1,1,0,4,1,24076,True
415,43,0,1,0,2,2,1,0,5,1,29805,True
416,41,4,1,1,0,5,2,1,0,1,86750,True
417,47,4,1,1,3,2,2,0,0,1,29805,True
418,47,2,0,1,1,1,1,1,8,0,24076,False
419,44,0,1,1,0,5,2,0,2,0,86750,False
420,53,3,0,0,0,2,5,0,3,0,29805,True
421,39,1,1,1,3,3,5,0,0,1,42419,True
422,45,1,0,1,0,1,2,0,8,1,24076,True
423,45,4,0,0,0,1,1,0,7,1,24076,True
424,54,2,0,0,3,1,2,1,1,1,24076,True
425,52,1,0,0,2,3,2,1,7,1,42419,True
426,32,0,0,1,3,3,2,1,6,1,42419,True
427,32,4,0,0,2,4,3,1,5,0,65715,True
428,26,3,1,0,1,2,5,1,0,0,29805,False
429,30,4,0,1,2,4,4,1,6,0,65715,False
430,44,3,1,0,2,2,4,0,9,0,29805,False
431,42,4,0,0,1,3,3,0,6,0,42419,True
432,42,4,1,0,2,3,2,1,8,1,42419,True
433,54,4,0,0,3,4,3,1,0,1,65715,True
434,40,3,0,1,2,5,3,0,1,1,86750,False
435,36,3,1,0,1,4,1,0,8,1,65715,True
436,40,4,0,0,3,2,5,0,8,1,29805,False
437,50,1,0,1,1,4,4,1,5,1,65715,True
438,36,2,0,0,1,1,2,1,5,0,24076,False
439,42,2,1,1,0,2,4,1,3,1,29805,False
440,43,2,0,0,0,2,4,0,3,1,29805,False
441,46,3,1,1,1,5,5,0,4,1,86750,True
442,37,3,0,1,1,3,4,1,2,1,42419,False
443,44,1,0,1,1,2,4,1,0,0,29805,True
444,52,2,1,1,0,3,3,0,0,0,42419,True
445,53,2,0,0,0,4,5,0,6,1,65715,True
446,26,4,0,1,2,1,1,0,0,0,24076,True
447,35,3,1,0,2,5,2,0,0,0,86750,True
448,49,2,0,1,1,3,4,1,2,1,42419,False
449,45,1,1,1,3,2,2,0,9,1,29805,True
450,30,1,1,1,3,3,1,0,3,1,42419,True
451,40,2,1,0,0,2,2,0,3,1,29805,True
452,34,3,0,1,0,3,1,1,1,1,42419,True
453,45,1,1,0,0,2,3,1,0,0,29805,True
454,53,4,1,0,1,4,4,0,2,1,65715,False
455,36,1,0,0,3,2,1,0,3,1,29805,False
456,24,0,1,0,2,2,2,0,2,1,29805,True
457,40,0,0,0,1,1,4,1,7,0,24076,False
458,46,3,0,0,2,2,3,1,9,1,29805,False
459,24,2,0,0,2,1,4,1,0,1,24076,True
460,53,3,0,0,1,5,1,0,1,1,86750,False
461,33,3,1,0,2,1,3,1,6,0,24076,True
462,31,3,1,1,3,4,2,0,3,1,65715,False
463,34,3,1,1,2,1,3,0,7,1,24076,False
464,39,4,1,1,3,5,3,0,2,1,86750,False
465,37,4,1,1,3,4,5,1,5,0,65715,True
466,47,1,0,1,3,3,3,0,8,1,42419,False
467,53,0,1,0,0,3,3,1,0,1,42419,False
468,39,3,1,0,2,1,4,1,0,1,24076,True
469,48,1,1,0,1,1,2,0,7,0,24076,True
470,51,0,0,0,1,5,4,0,2,1,86750,False
471,48,2,0,0,2,5,4,1,4,1,86750,True
472,40,4,1,0,0,2,1,0,0,1,29805,False
473,54,0,0,0,0,5,4,1,4,0,86750,False
474,44,2,1,1,3,2,5,0,5,0,29805,True
475,28,0,1,1,2,4,5,1,7,1,65715,True
476,39,4,0,1,2,1,1,1,2,0,24076,True
477,45,4,0,1,1,4,2,1,2,0,65715,False
478,46,1,1,0,2,5,2,1,9,0,86750,True
479,40,3,1,0,0,4,4,0,8,1,65715,False
480,30,0,0,0,2,4,4,0,3,1,65715,True
481,31,0,1,1,1,4,4,1,3,0,65715,False
482,28,2,0,0,3,5,2,1,6,0,86750,True
483,27,4,1,0,1,4,3,0,1,0,65715,False
484,34,0,0,0,1,2,5,0,7,1,29805,True
485,47,4,1,1,3,5,3,0,5,1,86750,False
486,54,0,1,0,1,4,3,0,2,0,65715,True
487,51,1,0,1,1,5,2,0,8,0,86750,True
488,50,3,1,1,2,3,3,0,4,0,42419,False
489,33,0,1,1,2,2,1,1,7,0,29805,True
490,47,4,0,1,3,4,4,0,6,1,65715,False
491,23,1,1,0,2,3,1,0,7,0,42419,False
492,33,0,1,1,2,3,5,1,6,1,42419,True
493,41,2,1,1,1,5,4,0,2,0,86750,False
494,31,3,0,0,0,3,3,0,1,0,42419,True
495,49,0,0,0,2,2,5,0,6,0,29805,True
496,24,1,0,1,0,2,4,0,2,0,29805,False
497,34,2,1,0,2,1,3,0,2,0,24076,True
498,26,1,1,1,2,2,1,1,1,1,29805,False
499,26,1,1,1,3,3,4,0,3,0,42419,False
